(kicad_pcb (version 20171130) (host pcbnew "(5.0.2)-1")

  (general
    (thickness 1.6)
    (drawings 43)
    (tracks 386)
    (zones 0)
    (modules 45)
    (nets 36)
  )

  (page A4)
  (layers
    (0 F.Cu signal)
    (31 B.Cu signal)
    (32 B.Adhes user)
    (33 F.Adhes user)
    (34 B.Paste user)
    (35 F.Paste user)
    (36 B.SilkS user)
    (37 F.SilkS user)
    (38 B.Mask user)
    (39 F.Mask user)
    (40 Dwgs.User user)
    (41 Cmts.User user)
    (42 Eco1.User user)
    (43 Eco2.User user)
    (44 Edge.Cuts user)
    (45 Margin user)
    (46 B.CrtYd user)
    (47 F.CrtYd user)
    (48 B.Fab user)
    (49 F.Fab user)
  )

  (setup
    (last_trace_width 0.25)
    (user_trace_width 0.1)
    (user_trace_width 0.15)
    (user_trace_width 0.2)
    (user_trace_width 0.25)
    (trace_clearance 0.2)
    (zone_clearance 0.508)
    (zone_45_only no)
    (trace_min 0.1)
    (segment_width 0.2)
    (edge_width 0.15)
    (via_size 0.8)
    (via_drill 0.4)
    (via_min_size 0.4)
    (via_min_drill 0.3)
    (uvia_size 0.3)
    (uvia_drill 0.1)
    (uvias_allowed no)
    (uvia_min_size 0.2)
    (uvia_min_drill 0.1)
    (pcb_text_width 0.3)
    (pcb_text_size 1.5 1.5)
    (mod_edge_width 0.15)
    (mod_text_size 1 1)
    (mod_text_width 0.15)
    (pad_size 1.524 1.524)
    (pad_drill 0.762)
    (pad_to_mask_clearance 0.2)
    (solder_mask_min_width 0.25)
    (aux_axis_origin 0 0)
    (visible_elements 7FFFFFFF)
    (pcbplotparams
      (layerselection 0x01008_7ffffffe)
      (usegerberextensions false)
      (usegerberattributes true)
      (usegerberadvancedattributes true)
      (creategerberjobfile true)
      (excludeedgelayer true)
      (linewidth 0.100000)
      (plotframeref false)
      (viasonmask false)
      (mode 1)
      (useauxorigin false)
      (hpglpennumber 1)
      (hpglpenspeed 20)
      (hpglpendiameter 15.000000)
      (psnegative false)
      (psa4output false)
      (plotreference true)
      (plotvalue false)
      (plotinvisibletext false)
      (padsonsilk false)
      (subtractmaskfromsilk false)
      (outputformat 3)
      (mirror false)
      (drillshape 0)
      (scaleselection 1)
      (outputdirectory "outputs/"))
  )

  (net 0 "")
  (net 1 +5V)
  (net 2 GND)
  (net 3 "Net-(C10-Pad2)")
  (net 4 "Net-(C10-Pad1)")
  (net 5 "Net-(C11-Pad1)")
  (net 6 "Net-(C11-Pad2)")
  (net 7 "Net-(C12-Pad2)")
  (net 8 "Net-(C12-Pad1)")
  (net 9 "Net-(C13-Pad1)")
  (net 10 "Net-(C13-Pad2)")
  (net 11 "Net-(C14-Pad2)")
  (net 12 "Net-(C14-Pad1)")
  (net 13 "Net-(D1-Pad1)")
  (net 14 "Net-(D2-Pad1)")
  (net 15 "Net-(D3-Pad1)")
  (net 16 "Net-(D4-Pad1)")
  (net 17 "Net-(D5-Pad1)")
  (net 18 "Net-(J1-Pad5)")
  (net 19 "Net-(J1-Pad4)")
  (net 20 "Net-(J1-Pad3)")
  (net 21 "Net-(J1-Pad1)")
  (net 22 "Net-(J2-Pad1)")
  (net 23 "Net-(R2-Pad2)")
  (net 24 "Net-(R4-Pad2)")
  (net 25 "Net-(R6-Pad2)")
  (net 26 "Net-(R8-Pad2)")
  (net 27 "Net-(R10-Pad2)")
  (net 28 "Net-(U1-Pad13)")
  (net 29 "Net-(U1-Pad12)")
  (net 30 "Net-(U1-Pad11)")
  (net 31 "Net-(U1-Pad10)")
  (net 32 "Net-(U1-Pad9)")
  (net 33 "Net-(U1-Pad8)")
  (net 34 "Net-(U1-Pad7)")
  (net 35 "Net-(U1-Pad5)")

  (net_class Default "This is the default net class."
    (clearance 0.2)
    (trace_width 0.25)
    (via_dia 0.8)
    (via_drill 0.4)
    (uvia_dia 0.3)
    (uvia_drill 0.1)
    (add_net +5V)
    (add_net "Net-(C10-Pad1)")
    (add_net "Net-(C10-Pad2)")
    (add_net "Net-(C11-Pad1)")
    (add_net "Net-(C11-Pad2)")
    (add_net "Net-(C12-Pad1)")
    (add_net "Net-(C12-Pad2)")
    (add_net "Net-(C13-Pad1)")
    (add_net "Net-(C13-Pad2)")
    (add_net "Net-(C14-Pad1)")
    (add_net "Net-(C14-Pad2)")
    (add_net "Net-(D1-Pad1)")
    (add_net "Net-(D2-Pad1)")
    (add_net "Net-(D3-Pad1)")
    (add_net "Net-(D4-Pad1)")
    (add_net "Net-(D5-Pad1)")
    (add_net "Net-(J1-Pad1)")
    (add_net "Net-(J1-Pad3)")
    (add_net "Net-(J1-Pad4)")
    (add_net "Net-(J1-Pad5)")
    (add_net "Net-(J2-Pad1)")
    (add_net "Net-(R10-Pad2)")
    (add_net "Net-(R2-Pad2)")
    (add_net "Net-(R4-Pad2)")
    (add_net "Net-(R6-Pad2)")
    (add_net "Net-(R8-Pad2)")
    (add_net "Net-(U1-Pad12)")
    (add_net "Net-(U1-Pad13)")
    (add_net "Net-(U1-Pad5)")
  )

  (net_class Close ""
    (clearance 0.1)
    (trace_width 0.1)
    (via_dia 0.8)
    (via_drill 0.4)
    (uvia_dia 0.3)
    (uvia_drill 0.1)
    (add_net GND)
    (add_net "Net-(U1-Pad10)")
    (add_net "Net-(U1-Pad11)")
    (add_net "Net-(U1-Pad7)")
    (add_net "Net-(U1-Pad8)")
    (add_net "Net-(U1-Pad9)")
  )

  (module Housings_SOIC:SOIC-14_3.9x8.7mm_Pitch1.27mm (layer F.Cu) (tedit 58CC8F64) (tstamp 5A06ED20)
    (at 159.5 100.5 180)
    (descr "14-Lead Plastic Small Outline (SL) - Narrow, 3.90 mm Body [SOIC] (see Microchip Packaging Specification 00000049BS.pdf)")
    (tags "SOIC 1.27")
    (path /5A0674A9)
    (attr smd)
    (fp_text reference U1 (at 0 -5.375 180) (layer F.SilkS)
      (effects (font (size 1 1) (thickness 0.15)))
    )
    (fp_text value ATTINY20-SSU (at 0 5.375 180) (layer F.Fab)
      (effects (font (size 1 1) (thickness 0.15)))
    )
    (fp_line (start -2.075 -4.425) (end -3.45 -4.425) (layer F.SilkS) (width 0.15))
    (fp_line (start -2.075 4.45) (end 2.075 4.45) (layer F.SilkS) (width 0.15))
    (fp_line (start -2.075 -4.45) (end 2.075 -4.45) (layer F.SilkS) (width 0.15))
    (fp_line (start -2.075 4.45) (end -2.075 4.335) (layer F.SilkS) (width 0.15))
    (fp_line (start 2.075 4.45) (end 2.075 4.335) (layer F.SilkS) (width 0.15))
    (fp_line (start 2.075 -4.45) (end 2.075 -4.335) (layer F.SilkS) (width 0.15))
    (fp_line (start -2.075 -4.45) (end -2.075 -4.425) (layer F.SilkS) (width 0.15))
    (fp_line (start -3.7 4.65) (end 3.7 4.65) (layer F.CrtYd) (width 0.05))
    (fp_line (start -3.7 -4.65) (end 3.7 -4.65) (layer F.CrtYd) (width 0.05))
    (fp_line (start 3.7 -4.65) (end 3.7 4.65) (layer F.CrtYd) (width 0.05))
    (fp_line (start -3.7 -4.65) (end -3.7 4.65) (layer F.CrtYd) (width 0.05))
    (fp_line (start -1.95 -3.35) (end -0.95 -4.35) (layer F.Fab) (width 0.15))
    (fp_line (start -1.95 4.35) (end -1.95 -3.35) (layer F.Fab) (width 0.15))
    (fp_line (start 1.95 4.35) (end -1.95 4.35) (layer F.Fab) (width 0.15))
    (fp_line (start 1.95 -4.35) (end 1.95 4.35) (layer F.Fab) (width 0.15))
    (fp_line (start -0.95 -4.35) (end 1.95 -4.35) (layer F.Fab) (width 0.15))
    (fp_text user %R (at 0 0 180) (layer F.Fab)
      (effects (font (size 0.9 0.9) (thickness 0.135)))
    )
    (pad 14 smd rect (at 2.7 -3.81 180) (size 1.5 0.6) (layers F.Cu F.Paste F.Mask)
      (net 2 GND))
    (pad 13 smd rect (at 2.7 -2.54 180) (size 1.5 0.6) (layers F.Cu F.Paste F.Mask)
      (net 28 "Net-(U1-Pad13)"))
    (pad 12 smd rect (at 2.7 -1.27 180) (size 1.5 0.6) (layers F.Cu F.Paste F.Mask)
      (net 29 "Net-(U1-Pad12)"))
    (pad 11 smd rect (at 2.7 0 180) (size 1.5 0.6) (layers F.Cu F.Paste F.Mask)
      (net 30 "Net-(U1-Pad11)"))
    (pad 10 smd rect (at 2.7 1.27 180) (size 1.5 0.6) (layers F.Cu F.Paste F.Mask)
      (net 31 "Net-(U1-Pad10)"))
    (pad 9 smd rect (at 2.7 2.54 180) (size 1.5 0.6) (layers F.Cu F.Paste F.Mask)
      (net 32 "Net-(U1-Pad9)"))
    (pad 8 smd rect (at 2.7 3.81 180) (size 1.5 0.6) (layers F.Cu F.Paste F.Mask)
      (net 33 "Net-(U1-Pad8)"))
    (pad 7 smd rect (at -2.7 3.81 180) (size 1.5 0.6) (layers F.Cu F.Paste F.Mask)
      (net 34 "Net-(U1-Pad7)"))
    (pad 6 smd rect (at -2.7 2.54 180) (size 1.5 0.6) (layers F.Cu F.Paste F.Mask)
      (net 22 "Net-(J2-Pad1)"))
    (pad 5 smd rect (at -2.7 1.27 180) (size 1.5 0.6) (layers F.Cu F.Paste F.Mask)
      (net 35 "Net-(U1-Pad5)"))
    (pad 4 smd rect (at -2.7 0 180) (size 1.5 0.6) (layers F.Cu F.Paste F.Mask)
      (net 18 "Net-(J1-Pad5)"))
    (pad 3 smd rect (at -2.7 -1.27 180) (size 1.5 0.6) (layers F.Cu F.Paste F.Mask)
      (net 21 "Net-(J1-Pad1)"))
    (pad 2 smd rect (at -2.7 -2.54 180) (size 1.5 0.6) (layers F.Cu F.Paste F.Mask)
      (net 20 "Net-(J1-Pad3)"))
    (pad 1 smd rect (at -2.7 -3.81 180) (size 1.5 0.6) (layers F.Cu F.Paste F.Mask)
      (net 1 +5V))
    (model ${KISYS3DMOD}/Housings_SOIC.3dshapes/SOIC-14_3.9x8.7mm_Pitch1.27mm.wrl
      (at (xyz 0 0 0))
      (scale (xyz 1 1 1))
      (rotate (xyz 0 0 0))
    )
  )

  (module Capacitors_SMD:C_0805_HandSoldering (layer F.Cu) (tedit 58AA84A8) (tstamp 5A073830)
    (at 160.75 77.75 90)
    (descr "Capacitor SMD 0805, hand soldering")
    (tags "capacitor 0805")
    (path /5A0545A7)
    (attr smd)
    (fp_text reference C2 (at -3.25 0 90) (layer F.SilkS)
      (effects (font (size 1 1) (thickness 0.15)))
    )
    (fp_text value 0.1uF (at 0 1.75 90) (layer F.Fab)
      (effects (font (size 1 1) (thickness 0.15)))
    )
    (fp_text user %R (at 0 -1.75 90) (layer F.Fab)
      (effects (font (size 1 1) (thickness 0.15)))
    )
    (fp_line (start -1 0.62) (end -1 -0.62) (layer F.Fab) (width 0.1))
    (fp_line (start 1 0.62) (end -1 0.62) (layer F.Fab) (width 0.1))
    (fp_line (start 1 -0.62) (end 1 0.62) (layer F.Fab) (width 0.1))
    (fp_line (start -1 -0.62) (end 1 -0.62) (layer F.Fab) (width 0.1))
    (fp_line (start 0.5 -0.85) (end -0.5 -0.85) (layer F.SilkS) (width 0.12))
    (fp_line (start -0.5 0.85) (end 0.5 0.85) (layer F.SilkS) (width 0.12))
    (fp_line (start -2.25 -0.88) (end 2.25 -0.88) (layer F.CrtYd) (width 0.05))
    (fp_line (start -2.25 -0.88) (end -2.25 0.87) (layer F.CrtYd) (width 0.05))
    (fp_line (start 2.25 0.87) (end 2.25 -0.88) (layer F.CrtYd) (width 0.05))
    (fp_line (start 2.25 0.87) (end -2.25 0.87) (layer F.CrtYd) (width 0.05))
    (pad 1 smd rect (at -1.25 0 90) (size 1.5 1.25) (layers F.Cu F.Paste F.Mask)
      (net 1 +5V))
    (pad 2 smd rect (at 1.25 0 90) (size 1.5 1.25) (layers F.Cu F.Paste F.Mask)
      (net 2 GND))
    (model Capacitors_SMD.3dshapes/C_0805.wrl
      (at (xyz 0 0 0))
      (scale (xyz 1 1 1))
      (rotate (xyz 0 0 0))
    )
  )

  (module Capacitors_SMD:C_0805_HandSoldering (layer F.Cu) (tedit 58AA84A8) (tstamp 5A0737FD)
    (at 158.75 77.75 90)
    (descr "Capacitor SMD 0805, hand soldering")
    (tags "capacitor 0805")
    (path /5A054614)
    (attr smd)
    (fp_text reference C1 (at -3.25 0 90) (layer F.SilkS)
      (effects (font (size 1 1) (thickness 0.15)))
    )
    (fp_text value 10uF (at 0 1.75 90) (layer F.Fab)
      (effects (font (size 1 1) (thickness 0.15)))
    )
    (fp_line (start 2.25 0.87) (end -2.25 0.87) (layer F.CrtYd) (width 0.05))
    (fp_line (start 2.25 0.87) (end 2.25 -0.88) (layer F.CrtYd) (width 0.05))
    (fp_line (start -2.25 -0.88) (end -2.25 0.87) (layer F.CrtYd) (width 0.05))
    (fp_line (start -2.25 -0.88) (end 2.25 -0.88) (layer F.CrtYd) (width 0.05))
    (fp_line (start -0.5 0.85) (end 0.5 0.85) (layer F.SilkS) (width 0.12))
    (fp_line (start 0.5 -0.85) (end -0.5 -0.85) (layer F.SilkS) (width 0.12))
    (fp_line (start -1 -0.62) (end 1 -0.62) (layer F.Fab) (width 0.1))
    (fp_line (start 1 -0.62) (end 1 0.62) (layer F.Fab) (width 0.1))
    (fp_line (start 1 0.62) (end -1 0.62) (layer F.Fab) (width 0.1))
    (fp_line (start -1 0.62) (end -1 -0.62) (layer F.Fab) (width 0.1))
    (fp_text user %R (at 0 -1.75 90) (layer F.Fab)
      (effects (font (size 1 1) (thickness 0.15)))
    )
    (pad 2 smd rect (at 1.25 0 90) (size 1.5 1.25) (layers F.Cu F.Paste F.Mask)
      (net 2 GND))
    (pad 1 smd rect (at -1.25 0 90) (size 1.5 1.25) (layers F.Cu F.Paste F.Mask)
      (net 1 +5V))
    (model Capacitors_SMD.3dshapes/C_0805.wrl
      (at (xyz 0 0 0))
      (scale (xyz 1 1 1))
      (rotate (xyz 0 0 0))
    )
  )

  (module Capacitors_SMD:C_0805_HandSoldering (layer F.Cu) (tedit 58AA84A8) (tstamp 5A073363)
    (at 152 100.5 90)
    (descr "Capacitor SMD 0805, hand soldering")
    (tags "capacitor 0805")
    (path /5A04D9E6)
    (attr smd)
    (fp_text reference C5 (at 0 1.75 90) (layer F.SilkS)
      (effects (font (size 1 1) (thickness 0.15)))
    )
    (fp_text value 1uF (at 0 1.75 90) (layer F.Fab)
      (effects (font (size 1 1) (thickness 0.15)))
    )
    (fp_text user %R (at 0 -1.75 90) (layer F.Fab)
      (effects (font (size 1 1) (thickness 0.15)))
    )
    (fp_line (start -1 0.62) (end -1 -0.62) (layer F.Fab) (width 0.1))
    (fp_line (start 1 0.62) (end -1 0.62) (layer F.Fab) (width 0.1))
    (fp_line (start 1 -0.62) (end 1 0.62) (layer F.Fab) (width 0.1))
    (fp_line (start -1 -0.62) (end 1 -0.62) (layer F.Fab) (width 0.1))
    (fp_line (start 0.5 -0.85) (end -0.5 -0.85) (layer F.SilkS) (width 0.12))
    (fp_line (start -0.5 0.85) (end 0.5 0.85) (layer F.SilkS) (width 0.12))
    (fp_line (start -2.25 -0.88) (end 2.25 -0.88) (layer F.CrtYd) (width 0.05))
    (fp_line (start -2.25 -0.88) (end -2.25 0.87) (layer F.CrtYd) (width 0.05))
    (fp_line (start 2.25 0.87) (end 2.25 -0.88) (layer F.CrtYd) (width 0.05))
    (fp_line (start 2.25 0.87) (end -2.25 0.87) (layer F.CrtYd) (width 0.05))
    (pad 1 smd rect (at -1.25 0 90) (size 1.5 1.25) (layers F.Cu F.Paste F.Mask)
      (net 1 +5V))
    (pad 2 smd rect (at 1.25 0 90) (size 1.5 1.25) (layers F.Cu F.Paste F.Mask)
      (net 2 GND))
    (model Capacitors_SMD.3dshapes/C_0805.wrl
      (at (xyz 0 0 0))
      (scale (xyz 1 1 1))
      (rotate (xyz 0 0 0))
    )
  )

  (module Capacitors_SMD:C_0805_HandSoldering (layer F.Cu) (tedit 58AA84A8) (tstamp 5A073333)
    (at 152 95.5 90)
    (descr "Capacitor SMD 0805, hand soldering")
    (tags "capacitor 0805")
    (path /5A056597)
    (attr smd)
    (fp_text reference C6 (at 0 1.75 90) (layer F.SilkS)
      (effects (font (size 1 1) (thickness 0.15)))
    )
    (fp_text value 1uF (at 0 1.75 90) (layer F.Fab)
      (effects (font (size 1 1) (thickness 0.15)))
    )
    (fp_text user %R (at 0 -1.75 90) (layer F.Fab)
      (effects (font (size 1 1) (thickness 0.15)))
    )
    (fp_line (start -1 0.62) (end -1 -0.62) (layer F.Fab) (width 0.1))
    (fp_line (start 1 0.62) (end -1 0.62) (layer F.Fab) (width 0.1))
    (fp_line (start 1 -0.62) (end 1 0.62) (layer F.Fab) (width 0.1))
    (fp_line (start -1 -0.62) (end 1 -0.62) (layer F.Fab) (width 0.1))
    (fp_line (start 0.5 -0.85) (end -0.5 -0.85) (layer F.SilkS) (width 0.12))
    (fp_line (start -0.5 0.85) (end 0.5 0.85) (layer F.SilkS) (width 0.12))
    (fp_line (start -2.25 -0.88) (end 2.25 -0.88) (layer F.CrtYd) (width 0.05))
    (fp_line (start -2.25 -0.88) (end -2.25 0.87) (layer F.CrtYd) (width 0.05))
    (fp_line (start 2.25 0.87) (end 2.25 -0.88) (layer F.CrtYd) (width 0.05))
    (fp_line (start 2.25 0.87) (end -2.25 0.87) (layer F.CrtYd) (width 0.05))
    (pad 1 smd rect (at -1.25 0 90) (size 1.5 1.25) (layers F.Cu F.Paste F.Mask)
      (net 1 +5V))
    (pad 2 smd rect (at 1.25 0 90) (size 1.5 1.25) (layers F.Cu F.Paste F.Mask)
      (net 2 GND))
    (model Capacitors_SMD.3dshapes/C_0805.wrl
      (at (xyz 0 0 0))
      (scale (xyz 1 1 1))
      (rotate (xyz 0 0 0))
    )
  )

  (module Capacitors_SMD:C_0805_HandSoldering (layer F.Cu) (tedit 5A067432) (tstamp 5A072FC1)
    (at 152 90.5 90)
    (descr "Capacitor SMD 0805, hand soldering")
    (tags "capacitor 0805")
    (path /5A056636)
    (attr smd)
    (fp_text reference C7 (at 0 1.75 90) (layer F.SilkS)
      (effects (font (size 1 1) (thickness 0.15)))
    )
    (fp_text value 1uF (at 0 1.75 90) (layer F.Fab)
      (effects (font (size 1 1) (thickness 0.15)))
    )
    (fp_line (start 2.25 0.87) (end -2.25 0.87) (layer F.CrtYd) (width 0.05))
    (fp_line (start 2.25 0.87) (end 2.25 -0.88) (layer F.CrtYd) (width 0.05))
    (fp_line (start -2.25 -0.88) (end -2.25 0.87) (layer F.CrtYd) (width 0.05))
    (fp_line (start -2.25 -0.88) (end 2.25 -0.88) (layer F.CrtYd) (width 0.05))
    (fp_line (start -0.5 0.85) (end 0.5 0.85) (layer F.SilkS) (width 0.12))
    (fp_line (start 0.5 -0.85) (end -0.5 -0.85) (layer F.SilkS) (width 0.12))
    (fp_line (start -1 -0.62) (end 1 -0.62) (layer F.Fab) (width 0.1))
    (fp_line (start 1 -0.62) (end 1 0.62) (layer F.Fab) (width 0.1))
    (fp_line (start 1 0.62) (end -1 0.62) (layer F.Fab) (width 0.1))
    (fp_line (start -1 0.62) (end -1 -0.62) (layer F.Fab) (width 0.1))
    (fp_text user %R (at 0 -1.75 90) (layer F.Fab)
      (effects (font (size 1 1) (thickness 0.15)))
    )
    (pad 2 smd rect (at 1.25 0 90) (size 1.5 1.25) (layers F.Cu F.Paste F.Mask)
      (net 2 GND))
    (pad 1 smd rect (at -1.25 0 90) (size 1.5 1.25) (layers F.Cu F.Paste F.Mask)
      (net 1 +5V))
    (model Capacitors_SMD.3dshapes/C_0805.wrl
      (at (xyz 0 0 0))
      (scale (xyz 1 1 1))
      (rotate (xyz 0 0 0))
    )
  )

  (module Capacitors_SMD:C_0805_HandSoldering (layer F.Cu) (tedit 5A06731B) (tstamp 5A073465)
    (at 152 85.5 90)
    (descr "Capacitor SMD 0805, hand soldering")
    (tags "capacitor 0805")
    (path /5A0566D4)
    (attr smd)
    (fp_text reference C8 (at 0 1.75 90) (layer F.SilkS)
      (effects (font (size 1 1) (thickness 0.15)))
    )
    (fp_text value 1uF (at 0 1.75 90) (layer F.Fab)
      (effects (font (size 1 1) (thickness 0.15)))
    )
    (fp_text user %R (at 0 -1.75 90) (layer F.Fab)
      (effects (font (size 1 1) (thickness 0.15)))
    )
    (fp_line (start -1 0.62) (end -1 -0.62) (layer F.Fab) (width 0.1))
    (fp_line (start 1 0.62) (end -1 0.62) (layer F.Fab) (width 0.1))
    (fp_line (start 1 -0.62) (end 1 0.62) (layer F.Fab) (width 0.1))
    (fp_line (start -1 -0.62) (end 1 -0.62) (layer F.Fab) (width 0.1))
    (fp_line (start 0.5 -0.85) (end -0.5 -0.85) (layer F.SilkS) (width 0.12))
    (fp_line (start -0.5 0.85) (end 0.5 0.85) (layer F.SilkS) (width 0.12))
    (fp_line (start -2.25 -0.88) (end 2.25 -0.88) (layer F.CrtYd) (width 0.05))
    (fp_line (start -2.25 -0.88) (end -2.25 0.87) (layer F.CrtYd) (width 0.05))
    (fp_line (start 2.25 0.87) (end 2.25 -0.88) (layer F.CrtYd) (width 0.05))
    (fp_line (start 2.25 0.87) (end -2.25 0.87) (layer F.CrtYd) (width 0.05))
    (pad 1 smd rect (at -1.25 0 90) (size 1.5 1.25) (layers F.Cu F.Paste F.Mask)
      (net 1 +5V))
    (pad 2 smd rect (at 1.25 0 90) (size 1.5 1.25) (layers F.Cu F.Paste F.Mask)
      (net 2 GND))
    (model Capacitors_SMD.3dshapes/C_0805.wrl
      (at (xyz 0 0 0))
      (scale (xyz 1 1 1))
      (rotate (xyz 0 0 0))
    )
  )

  (module Capacitors_SMD:C_0805_HandSoldering (layer F.Cu) (tedit 58AA84A8) (tstamp 5A072FF7)
    (at 152 80.5 90)
    (descr "Capacitor SMD 0805, hand soldering")
    (tags "capacitor 0805")
    (path /5A056775)
    (attr smd)
    (fp_text reference C9 (at 0 1.75 90) (layer F.SilkS)
      (effects (font (size 1 1) (thickness 0.15)))
    )
    (fp_text value 1uF (at 0 1.75 90) (layer F.Fab)
      (effects (font (size 1 1) (thickness 0.15)))
    )
    (fp_line (start 2.25 0.87) (end -2.25 0.87) (layer F.CrtYd) (width 0.05))
    (fp_line (start 2.25 0.87) (end 2.25 -0.88) (layer F.CrtYd) (width 0.05))
    (fp_line (start -2.25 -0.88) (end -2.25 0.87) (layer F.CrtYd) (width 0.05))
    (fp_line (start -2.25 -0.88) (end 2.25 -0.88) (layer F.CrtYd) (width 0.05))
    (fp_line (start -0.5 0.85) (end 0.5 0.85) (layer F.SilkS) (width 0.12))
    (fp_line (start 0.5 -0.85) (end -0.5 -0.85) (layer F.SilkS) (width 0.12))
    (fp_line (start -1 -0.62) (end 1 -0.62) (layer F.Fab) (width 0.1))
    (fp_line (start 1 -0.62) (end 1 0.62) (layer F.Fab) (width 0.1))
    (fp_line (start 1 0.62) (end -1 0.62) (layer F.Fab) (width 0.1))
    (fp_line (start -1 0.62) (end -1 -0.62) (layer F.Fab) (width 0.1))
    (fp_text user %R (at 0 -1.75 90) (layer F.Fab)
      (effects (font (size 1 1) (thickness 0.15)))
    )
    (pad 2 smd rect (at 1.25 0 90) (size 1.5 1.25) (layers F.Cu F.Paste F.Mask)
      (net 2 GND))
    (pad 1 smd rect (at -1.25 0 90) (size 1.5 1.25) (layers F.Cu F.Paste F.Mask)
      (net 1 +5V))
    (model Capacitors_SMD.3dshapes/C_0805.wrl
      (at (xyz 0 0 0))
      (scale (xyz 1 1 1))
      (rotate (xyz 0 0 0))
    )
  )

  (module Capacitors_SMD:C_0805_HandSoldering (layer F.Cu) (tedit 58AA84A8) (tstamp 5A073BBA)
    (at 139.5 101 180)
    (descr "Capacitor SMD 0805, hand soldering")
    (tags "capacitor 0805")
    (path /5A04D72C)
    (attr smd)
    (fp_text reference C10 (at 0 -1.75 180) (layer F.SilkS)
      (effects (font (size 1 1) (thickness 0.15)))
    )
    (fp_text value 2.2uF (at 0 1.75 180) (layer F.Fab)
      (effects (font (size 1 1) (thickness 0.15)))
    )
    (fp_line (start 2.25 0.87) (end -2.25 0.87) (layer F.CrtYd) (width 0.05))
    (fp_line (start 2.25 0.87) (end 2.25 -0.88) (layer F.CrtYd) (width 0.05))
    (fp_line (start -2.25 -0.88) (end -2.25 0.87) (layer F.CrtYd) (width 0.05))
    (fp_line (start -2.25 -0.88) (end 2.25 -0.88) (layer F.CrtYd) (width 0.05))
    (fp_line (start -0.5 0.85) (end 0.5 0.85) (layer F.SilkS) (width 0.12))
    (fp_line (start 0.5 -0.85) (end -0.5 -0.85) (layer F.SilkS) (width 0.12))
    (fp_line (start -1 -0.62) (end 1 -0.62) (layer F.Fab) (width 0.1))
    (fp_line (start 1 -0.62) (end 1 0.62) (layer F.Fab) (width 0.1))
    (fp_line (start 1 0.62) (end -1 0.62) (layer F.Fab) (width 0.1))
    (fp_line (start -1 0.62) (end -1 -0.62) (layer F.Fab) (width 0.1))
    (fp_text user %R (at 0 -1.75 180) (layer F.Fab)
      (effects (font (size 1 1) (thickness 0.15)))
    )
    (pad 2 smd rect (at 1.25 0 180) (size 1.5 1.25) (layers F.Cu F.Paste F.Mask)
      (net 3 "Net-(C10-Pad2)"))
    (pad 1 smd rect (at -1.25 0 180) (size 1.5 1.25) (layers F.Cu F.Paste F.Mask)
      (net 4 "Net-(C10-Pad1)"))
    (model Capacitors_SMD.3dshapes/C_0805.wrl
      (at (xyz 0 0 0))
      (scale (xyz 1 1 1))
      (rotate (xyz 0 0 0))
    )
  )

  (module Capacitors_SMD:C_0805_HandSoldering (layer F.Cu) (tedit 58AA84A8) (tstamp 5A0733DE)
    (at 139.5 96 180)
    (descr "Capacitor SMD 0805, hand soldering")
    (tags "capacitor 0805")
    (path /5A055E1A)
    (attr smd)
    (fp_text reference C11 (at 1.5 -1.5 180) (layer F.SilkS)
      (effects (font (size 1 1) (thickness 0.15)))
    )
    (fp_text value 2.2uF (at 0 1.75 180) (layer F.Fab)
      (effects (font (size 1 1) (thickness 0.15)))
    )
    (fp_text user %R (at 0 -1.75 180) (layer F.Fab)
      (effects (font (size 1 1) (thickness 0.15)))
    )
    (fp_line (start -1 0.62) (end -1 -0.62) (layer F.Fab) (width 0.1))
    (fp_line (start 1 0.62) (end -1 0.62) (layer F.Fab) (width 0.1))
    (fp_line (start 1 -0.62) (end 1 0.62) (layer F.Fab) (width 0.1))
    (fp_line (start -1 -0.62) (end 1 -0.62) (layer F.Fab) (width 0.1))
    (fp_line (start 0.5 -0.85) (end -0.5 -0.85) (layer F.SilkS) (width 0.12))
    (fp_line (start -0.5 0.85) (end 0.5 0.85) (layer F.SilkS) (width 0.12))
    (fp_line (start -2.25 -0.88) (end 2.25 -0.88) (layer F.CrtYd) (width 0.05))
    (fp_line (start -2.25 -0.88) (end -2.25 0.87) (layer F.CrtYd) (width 0.05))
    (fp_line (start 2.25 0.87) (end 2.25 -0.88) (layer F.CrtYd) (width 0.05))
    (fp_line (start 2.25 0.87) (end -2.25 0.87) (layer F.CrtYd) (width 0.05))
    (pad 1 smd rect (at -1.25 0 180) (size 1.5 1.25) (layers F.Cu F.Paste F.Mask)
      (net 5 "Net-(C11-Pad1)"))
    (pad 2 smd rect (at 1.25 0 180) (size 1.5 1.25) (layers F.Cu F.Paste F.Mask)
      (net 6 "Net-(C11-Pad2)"))
    (model Capacitors_SMD.3dshapes/C_0805.wrl
      (at (xyz 0 0 0))
      (scale (xyz 1 1 1))
      (rotate (xyz 0 0 0))
    )
  )

  (module Capacitors_SMD:C_0805_HandSoldering (layer F.Cu) (tedit 58AA84A8) (tstamp 5A072E41)
    (at 139.5 91 180)
    (descr "Capacitor SMD 0805, hand soldering")
    (tags "capacitor 0805")
    (path /5A055EE6)
    (attr smd)
    (fp_text reference C12 (at 1.5 -1.5 180) (layer F.SilkS)
      (effects (font (size 1 1) (thickness 0.15)))
    )
    (fp_text value 2.2uF (at 0 1.75 180) (layer F.Fab)
      (effects (font (size 1 1) (thickness 0.15)))
    )
    (fp_line (start 2.25 0.87) (end -2.25 0.87) (layer F.CrtYd) (width 0.05))
    (fp_line (start 2.25 0.87) (end 2.25 -0.88) (layer F.CrtYd) (width 0.05))
    (fp_line (start -2.25 -0.88) (end -2.25 0.87) (layer F.CrtYd) (width 0.05))
    (fp_line (start -2.25 -0.88) (end 2.25 -0.88) (layer F.CrtYd) (width 0.05))
    (fp_line (start -0.5 0.85) (end 0.5 0.85) (layer F.SilkS) (width 0.12))
    (fp_line (start 0.5 -0.85) (end -0.5 -0.85) (layer F.SilkS) (width 0.12))
    (fp_line (start -1 -0.62) (end 1 -0.62) (layer F.Fab) (width 0.1))
    (fp_line (start 1 -0.62) (end 1 0.62) (layer F.Fab) (width 0.1))
    (fp_line (start 1 0.62) (end -1 0.62) (layer F.Fab) (width 0.1))
    (fp_line (start -1 0.62) (end -1 -0.62) (layer F.Fab) (width 0.1))
    (fp_text user %R (at 0 -1.75 180) (layer F.Fab)
      (effects (font (size 1 1) (thickness 0.15)))
    )
    (pad 2 smd rect (at 1.25 0 180) (size 1.5 1.25) (layers F.Cu F.Paste F.Mask)
      (net 7 "Net-(C12-Pad2)"))
    (pad 1 smd rect (at -1.25 0 180) (size 1.5 1.25) (layers F.Cu F.Paste F.Mask)
      (net 8 "Net-(C12-Pad1)"))
    (model Capacitors_SMD.3dshapes/C_0805.wrl
      (at (xyz 0 0 0))
      (scale (xyz 1 1 1))
      (rotate (xyz 0 0 0))
    )
  )

  (module Capacitors_SMD:C_0805_HandSoldering (layer F.Cu) (tedit 58AA84A8) (tstamp 5A072F61)
    (at 139.5 86 180)
    (descr "Capacitor SMD 0805, hand soldering")
    (tags "capacitor 0805")
    (path /5A055F88)
    (attr smd)
    (fp_text reference C13 (at 1.5 -1.5 180) (layer F.SilkS)
      (effects (font (size 1 1) (thickness 0.15)))
    )
    (fp_text value 2.2uF (at 0 1.75 180) (layer F.Fab)
      (effects (font (size 1 1) (thickness 0.15)))
    )
    (fp_text user %R (at 0 -1.75 180) (layer F.Fab)
      (effects (font (size 1 1) (thickness 0.15)))
    )
    (fp_line (start -1 0.62) (end -1 -0.62) (layer F.Fab) (width 0.1))
    (fp_line (start 1 0.62) (end -1 0.62) (layer F.Fab) (width 0.1))
    (fp_line (start 1 -0.62) (end 1 0.62) (layer F.Fab) (width 0.1))
    (fp_line (start -1 -0.62) (end 1 -0.62) (layer F.Fab) (width 0.1))
    (fp_line (start 0.5 -0.85) (end -0.5 -0.85) (layer F.SilkS) (width 0.12))
    (fp_line (start -0.5 0.85) (end 0.5 0.85) (layer F.SilkS) (width 0.12))
    (fp_line (start -2.25 -0.88) (end 2.25 -0.88) (layer F.CrtYd) (width 0.05))
    (fp_line (start -2.25 -0.88) (end -2.25 0.87) (layer F.CrtYd) (width 0.05))
    (fp_line (start 2.25 0.87) (end 2.25 -0.88) (layer F.CrtYd) (width 0.05))
    (fp_line (start 2.25 0.87) (end -2.25 0.87) (layer F.CrtYd) (width 0.05))
    (pad 1 smd rect (at -1.25 0 180) (size 1.5 1.25) (layers F.Cu F.Paste F.Mask)
      (net 9 "Net-(C13-Pad1)"))
    (pad 2 smd rect (at 1.25 0 180) (size 1.5 1.25) (layers F.Cu F.Paste F.Mask)
      (net 10 "Net-(C13-Pad2)"))
    (model Capacitors_SMD.3dshapes/C_0805.wrl
      (at (xyz 0 0 0))
      (scale (xyz 1 1 1))
      (rotate (xyz 0 0 0))
    )
  )

  (module Capacitors_SMD:C_0805_HandSoldering (layer F.Cu) (tedit 58AA84A8) (tstamp 5A072F91)
    (at 139.5 81 180)
    (descr "Capacitor SMD 0805, hand soldering")
    (tags "capacitor 0805")
    (path /5A05602F)
    (attr smd)
    (fp_text reference C14 (at 1.5 -1.5 180) (layer F.SilkS)
      (effects (font (size 1 1) (thickness 0.15)))
    )
    (fp_text value 2.2uF (at 0 1.75 180) (layer F.Fab)
      (effects (font (size 1 1) (thickness 0.15)))
    )
    (fp_line (start 2.25 0.87) (end -2.25 0.87) (layer F.CrtYd) (width 0.05))
    (fp_line (start 2.25 0.87) (end 2.25 -0.88) (layer F.CrtYd) (width 0.05))
    (fp_line (start -2.25 -0.88) (end -2.25 0.87) (layer F.CrtYd) (width 0.05))
    (fp_line (start -2.25 -0.88) (end 2.25 -0.88) (layer F.CrtYd) (width 0.05))
    (fp_line (start -0.5 0.85) (end 0.5 0.85) (layer F.SilkS) (width 0.12))
    (fp_line (start 0.5 -0.85) (end -0.5 -0.85) (layer F.SilkS) (width 0.12))
    (fp_line (start -1 -0.62) (end 1 -0.62) (layer F.Fab) (width 0.1))
    (fp_line (start 1 -0.62) (end 1 0.62) (layer F.Fab) (width 0.1))
    (fp_line (start 1 0.62) (end -1 0.62) (layer F.Fab) (width 0.1))
    (fp_line (start -1 0.62) (end -1 -0.62) (layer F.Fab) (width 0.1))
    (fp_text user %R (at 0 -1.75 180) (layer F.Fab)
      (effects (font (size 1 1) (thickness 0.15)))
    )
    (pad 2 smd rect (at 1.25 0 180) (size 1.5 1.25) (layers F.Cu F.Paste F.Mask)
      (net 11 "Net-(C14-Pad2)"))
    (pad 1 smd rect (at -1.25 0 180) (size 1.5 1.25) (layers F.Cu F.Paste F.Mask)
      (net 12 "Net-(C14-Pad1)"))
    (model Capacitors_SMD.3dshapes/C_0805.wrl
      (at (xyz 0 0 0))
      (scale (xyz 1 1 1))
      (rotate (xyz 0 0 0))
    )
  )

  (module LEDs:LED_Cree-XQ_HandSoldering (layer F.Cu) (tedit 5759EDBD) (tstamp 5A0731C5)
    (at 129 101 270)
    (descr "LED Cree-XQ handsoldering pads http://www.cree.com/~/media/Files/Cree/LED-Components-and-Modules/XLamp/Data-and-Binning/ds-XQB.pdf")
    (tags "LED Cree XQ")
    (path /5A04D37F)
    (attr smd)
    (fp_text reference D1 (at 0 1.75 270) (layer F.SilkS)
      (effects (font (size 1 1) (thickness 0.15)))
    )
    (fp_text value LED (at 0 2 270) (layer F.Fab)
      (effects (font (size 1 1) (thickness 0.15)))
    )
    (fp_text user %R (at 0 0 270) (layer F.Fab)
      (effects (font (size 0.5 0.5) (thickness 0.05)))
    )
    (fp_line (start -0.8 -0.8) (end 0.8 -0.8) (layer F.Fab) (width 0.1))
    (fp_line (start 0.8 -0.8) (end 0.8 0.8) (layer F.Fab) (width 0.1))
    (fp_line (start 0.8 0.8) (end -0.8 0.8) (layer F.Fab) (width 0.1))
    (fp_line (start -0.8 0.8) (end -0.8 -0.8) (layer F.Fab) (width 0.1))
    (fp_line (start 0.6 0) (end 0.2 0) (layer F.Fab) (width 0.1))
    (fp_line (start -0.6 0) (end -0.2 0) (layer F.Fab) (width 0.1))
    (fp_line (start -0.2 -0.2) (end -0.2 0.2) (layer F.Fab) (width 0.1))
    (fp_line (start -0.2 0) (end 0.2 -0.2) (layer F.Fab) (width 0.1))
    (fp_line (start 0.2 -0.2) (end 0.2 0.2) (layer F.Fab) (width 0.1))
    (fp_line (start 0.2 0.2) (end -0.2 0) (layer F.Fab) (width 0.1))
    (fp_line (start 0.2 -1) (end -1.5 -1) (layer F.SilkS) (width 0.12))
    (fp_line (start 0.2 1) (end -1.5 1) (layer F.SilkS) (width 0.12))
    (fp_line (start 1.8 -1.1) (end 1.8 1.1) (layer F.CrtYd) (width 0.05))
    (fp_line (start 1.8 1.1) (end -1.8 1.1) (layer F.CrtYd) (width 0.05))
    (fp_line (start -1.8 1.1) (end -1.8 -1.1) (layer F.CrtYd) (width 0.05))
    (fp_line (start -1.8 -1.1) (end 1.8 -1.1) (layer F.CrtYd) (width 0.05))
    (pad 2 smd rect (at 0.88 0 270) (size 1.25 1.6) (layers F.Cu F.Paste F.Mask)
      (net 4 "Net-(C10-Pad1)"))
    (pad 1 smd rect (at -0.88 0 270) (size 1.25 1.6) (layers F.Cu F.Paste F.Mask)
      (net 13 "Net-(D1-Pad1)"))
    (model ${KISYS3DMOD}/LEDs.3dshapes/LED_Cree-XQ.wrl
      (at (xyz 0 0 0))
      (scale (xyz 1 1 1))
      (rotate (xyz 0 0 0))
    )
  )

  (module Local:XLamp_XPE2 (layer F.Cu) (tedit 5A04F215) (tstamp 5A072ECB)
    (at 129 95 90)
    (path /5A04E0A6)
    (fp_text reference D2 (at 0 -2.5 90) (layer F.SilkS)
      (effects (font (size 1 1) (thickness 0.15)))
    )
    (fp_text value LED (at 0 -2.8 90) (layer F.Fab)
      (effects (font (size 1 1) (thickness 0.15)))
    )
    (fp_line (start -1.7 -1.7) (end -1.7 1.7) (layer F.SilkS) (width 0.15))
    (fp_line (start -1.7 1.7) (end 1.7 1.7) (layer F.SilkS) (width 0.15))
    (fp_line (start 1.7 1.7) (end 1.7 -1.7) (layer F.SilkS) (width 0.15))
    (fp_line (start 1.7 -1.7) (end -1.7 -1.7) (layer F.SilkS) (width 0.15))
    (pad 1 smd rect (at 1.45 0 90) (size 0.5 3.3) (layers F.Cu F.Paste F.Mask)
      (net 14 "Net-(D2-Pad1)"))
    (pad 2 smd rect (at -1.45 0 90) (size 0.5 3.3) (layers F.Cu F.Paste F.Mask)
      (net 5 "Net-(C11-Pad1)"))
    (pad 1 smd rect (at 0 0 90) (size 1.3 3.3) (layers F.Cu F.Paste F.Mask)
      (net 14 "Net-(D2-Pad1)"))
  )

  (module Local:LUXEON_3535L (layer F.Cu) (tedit 5A04F085) (tstamp 5A07338C)
    (at 129 90 270)
    (path /5A04E945)
    (fp_text reference D3 (at 0 2.6 270) (layer F.SilkS)
      (effects (font (size 1 1) (thickness 0.15)))
    )
    (fp_text value LED (at 0 -2.4 270) (layer F.Fab)
      (effects (font (size 1 1) (thickness 0.15)))
    )
    (fp_line (start -1.7 -1.8) (end -1.7 1.8) (layer F.SilkS) (width 0.15))
    (fp_line (start -1.7 1.8) (end 1.7 1.8) (layer F.SilkS) (width 0.15))
    (fp_line (start 1.7 1.8) (end 1.7 -1.8) (layer F.SilkS) (width 0.15))
    (fp_line (start 1.7 -1.8) (end -1.7 -1.8) (layer F.SilkS) (width 0.15))
    (pad 1 smd rect (at -1.1 0 270) (size 2.5 2.7) (layers F.Cu F.Paste F.Mask)
      (net 15 "Net-(D3-Pad1)"))
    (pad 2 smd rect (at 1.6 0 270) (size 1.4 2.7) (layers F.Cu F.Paste F.Mask)
      (net 8 "Net-(C12-Pad1)"))
  )

  (module LEDs:LED_0606 (layer F.Cu) (tedit 5809F86C) (tstamp 5A07317C)
    (at 129 85.47 270)
    (descr "LED 0606 smd package")
    (tags "led 0606 1616 smd")
    (path /5A04E992)
    (attr smd)
    (fp_text reference D4 (at 0.03 2 270) (layer F.SilkS)
      (effects (font (size 1 1) (thickness 0.15)))
    )
    (fp_text value LED (at 0 2 270) (layer F.Fab)
      (effects (font (size 1 1) (thickness 0.15)))
    )
    (fp_line (start -1 1) (end 0.2 1) (layer F.SilkS) (width 0.12))
    (fp_line (start -1 -1) (end 0.2 -1) (layer F.SilkS) (width 0.12))
    (fp_line (start 1.2 -1.2) (end -1.2 -1.2) (layer F.CrtYd) (width 0.05))
    (fp_line (start -1.2 -1.2) (end -1.2 1.2) (layer F.CrtYd) (width 0.05))
    (fp_line (start -1.2 1.2) (end 1.2 1.2) (layer F.CrtYd) (width 0.05))
    (fp_line (start 1.2 1.2) (end 1.2 -1.2) (layer F.CrtYd) (width 0.05))
    (fp_line (start -0.8 -0.8) (end 0.8 -0.8) (layer F.Fab) (width 0.1))
    (fp_line (start 0.8 -0.8) (end 0.8 0.8) (layer F.Fab) (width 0.1))
    (fp_line (start 0.8 0.8) (end -0.8 0.8) (layer F.Fab) (width 0.1))
    (fp_line (start -0.8 0.8) (end -0.8 -0.8) (layer F.Fab) (width 0.1))
    (fp_line (start -0.4 0) (end -0.2 0) (layer F.Fab) (width 0.1))
    (fp_line (start -0.2 -0.4) (end -0.2 0) (layer F.Fab) (width 0.1))
    (fp_line (start -0.2 0) (end -0.2 0.4) (layer F.Fab) (width 0.1))
    (fp_line (start -0.2 0) (end 0.2 -0.4) (layer F.Fab) (width 0.1))
    (fp_line (start 0.2 -0.4) (end 0.2 0.4) (layer F.Fab) (width 0.1))
    (fp_line (start 0.2 0.4) (end -0.2 0) (layer F.Fab) (width 0.1))
    (fp_line (start 0.2 0) (end 0.4 0) (layer F.Fab) (width 0.1))
    (fp_line (start -1 -1) (end -1 -0.9) (layer F.SilkS) (width 0.12))
    (fp_line (start -1 1) (end -1 0.9) (layer F.SilkS) (width 0.12))
    (pad 1 smd rect (at -0.47 0 90) (size 0.65 1.6) (layers F.Cu F.Paste F.Mask)
      (net 16 "Net-(D4-Pad1)"))
    (pad 2 smd rect (at 0.47 0 90) (size 0.65 1.6) (layers F.Cu F.Paste F.Mask)
      (net 9 "Net-(C13-Pad1)"))
    (model ${KISYS3DMOD}/LEDs.3dshapes/LED_0606.wrl
      (at (xyz 0 0 0))
      (scale (xyz 1 1 1))
      (rotate (xyz 0 0 0))
    )
  )

  (module LEDs:LED_0606 (layer F.Cu) (tedit 5809F86C) (tstamp 5A07305F)
    (at 129 80.53 270)
    (descr "LED 0606 smd package")
    (tags "led 0606 1616 smd")
    (path /5A04EC3C)
    (attr smd)
    (fp_text reference D5 (at -0.03 2 270) (layer F.SilkS)
      (effects (font (size 1 1) (thickness 0.15)))
    )
    (fp_text value LED (at 0 2 270) (layer F.Fab)
      (effects (font (size 1 1) (thickness 0.15)))
    )
    (fp_line (start -1 1) (end -1 0.9) (layer F.SilkS) (width 0.12))
    (fp_line (start -1 -1) (end -1 -0.9) (layer F.SilkS) (width 0.12))
    (fp_line (start 0.2 0) (end 0.4 0) (layer F.Fab) (width 0.1))
    (fp_line (start 0.2 0.4) (end -0.2 0) (layer F.Fab) (width 0.1))
    (fp_line (start 0.2 -0.4) (end 0.2 0.4) (layer F.Fab) (width 0.1))
    (fp_line (start -0.2 0) (end 0.2 -0.4) (layer F.Fab) (width 0.1))
    (fp_line (start -0.2 0) (end -0.2 0.4) (layer F.Fab) (width 0.1))
    (fp_line (start -0.2 -0.4) (end -0.2 0) (layer F.Fab) (width 0.1))
    (fp_line (start -0.4 0) (end -0.2 0) (layer F.Fab) (width 0.1))
    (fp_line (start -0.8 0.8) (end -0.8 -0.8) (layer F.Fab) (width 0.1))
    (fp_line (start 0.8 0.8) (end -0.8 0.8) (layer F.Fab) (width 0.1))
    (fp_line (start 0.8 -0.8) (end 0.8 0.8) (layer F.Fab) (width 0.1))
    (fp_line (start -0.8 -0.8) (end 0.8 -0.8) (layer F.Fab) (width 0.1))
    (fp_line (start 1.2 1.2) (end 1.2 -1.2) (layer F.CrtYd) (width 0.05))
    (fp_line (start -1.2 1.2) (end 1.2 1.2) (layer F.CrtYd) (width 0.05))
    (fp_line (start -1.2 -1.2) (end -1.2 1.2) (layer F.CrtYd) (width 0.05))
    (fp_line (start 1.2 -1.2) (end -1.2 -1.2) (layer F.CrtYd) (width 0.05))
    (fp_line (start -1 -1) (end 0.2 -1) (layer F.SilkS) (width 0.12))
    (fp_line (start -1 1) (end 0.2 1) (layer F.SilkS) (width 0.12))
    (pad 2 smd rect (at 0.47 0 90) (size 0.65 1.6) (layers F.Cu F.Paste F.Mask)
      (net 12 "Net-(C14-Pad1)"))
    (pad 1 smd rect (at -0.47 0 90) (size 0.65 1.6) (layers F.Cu F.Paste F.Mask)
      (net 17 "Net-(D5-Pad1)"))
    (model ${KISYS3DMOD}/LEDs.3dshapes/LED_0606.wrl
      (at (xyz 0 0 0))
      (scale (xyz 1 1 1))
      (rotate (xyz 0 0 0))
    )
  )

  (module Pin_Headers:Pin_Header_Straight_2x03_Pitch2.54mm_SMD (layer F.Cu) (tedit 59650532) (tstamp 5A065A15)
    (at 129 72 90)
    (descr "surface-mounted straight pin header, 2x03, 2.54mm pitch, double rows")
    (tags "Surface mounted pin header SMD 2x03 2.54mm double row")
    (path /5A04F5B9)
    (attr smd)
    (fp_text reference J1 (at 0 -4.87 90) (layer F.SilkS)
      (effects (font (size 1 1) (thickness 0.15)))
    )
    (fp_text value CONN_02X03 (at 0 4.87 90) (layer F.Fab)
      (effects (font (size 1 1) (thickness 0.15)))
    )
    (fp_text user %R (at 0 0 180) (layer F.Fab)
      (effects (font (size 1 1) (thickness 0.15)))
    )
    (fp_line (start 5.9 -4.35) (end -5.9 -4.35) (layer F.CrtYd) (width 0.05))
    (fp_line (start 5.9 4.35) (end 5.9 -4.35) (layer F.CrtYd) (width 0.05))
    (fp_line (start -5.9 4.35) (end 5.9 4.35) (layer F.CrtYd) (width 0.05))
    (fp_line (start -5.9 -4.35) (end -5.9 4.35) (layer F.CrtYd) (width 0.05))
    (fp_line (start 2.6 0.76) (end 2.6 1.78) (layer F.SilkS) (width 0.12))
    (fp_line (start -2.6 0.76) (end -2.6 1.78) (layer F.SilkS) (width 0.12))
    (fp_line (start 2.6 -1.78) (end 2.6 -0.76) (layer F.SilkS) (width 0.12))
    (fp_line (start -2.6 -1.78) (end -2.6 -0.76) (layer F.SilkS) (width 0.12))
    (fp_line (start 2.6 3.3) (end 2.6 3.87) (layer F.SilkS) (width 0.12))
    (fp_line (start -2.6 3.3) (end -2.6 3.87) (layer F.SilkS) (width 0.12))
    (fp_line (start 2.6 -3.87) (end 2.6 -3.3) (layer F.SilkS) (width 0.12))
    (fp_line (start -2.6 -3.87) (end -2.6 -3.3) (layer F.SilkS) (width 0.12))
    (fp_line (start -4.04 -3.3) (end -2.6 -3.3) (layer F.SilkS) (width 0.12))
    (fp_line (start -2.6 3.87) (end 2.6 3.87) (layer F.SilkS) (width 0.12))
    (fp_line (start -2.6 -3.87) (end 2.6 -3.87) (layer F.SilkS) (width 0.12))
    (fp_line (start 3.6 2.86) (end 2.54 2.86) (layer F.Fab) (width 0.1))
    (fp_line (start 3.6 2.22) (end 3.6 2.86) (layer F.Fab) (width 0.1))
    (fp_line (start 2.54 2.22) (end 3.6 2.22) (layer F.Fab) (width 0.1))
    (fp_line (start -3.6 2.86) (end -2.54 2.86) (layer F.Fab) (width 0.1))
    (fp_line (start -3.6 2.22) (end -3.6 2.86) (layer F.Fab) (width 0.1))
    (fp_line (start -2.54 2.22) (end -3.6 2.22) (layer F.Fab) (width 0.1))
    (fp_line (start 3.6 0.32) (end 2.54 0.32) (layer F.Fab) (width 0.1))
    (fp_line (start 3.6 -0.32) (end 3.6 0.32) (layer F.Fab) (width 0.1))
    (fp_line (start 2.54 -0.32) (end 3.6 -0.32) (layer F.Fab) (width 0.1))
    (fp_line (start -3.6 0.32) (end -2.54 0.32) (layer F.Fab) (width 0.1))
    (fp_line (start -3.6 -0.32) (end -3.6 0.32) (layer F.Fab) (width 0.1))
    (fp_line (start -2.54 -0.32) (end -3.6 -0.32) (layer F.Fab) (width 0.1))
    (fp_line (start 3.6 -2.22) (end 2.54 -2.22) (layer F.Fab) (width 0.1))
    (fp_line (start 3.6 -2.86) (end 3.6 -2.22) (layer F.Fab) (width 0.1))
    (fp_line (start 2.54 -2.86) (end 3.6 -2.86) (layer F.Fab) (width 0.1))
    (fp_line (start -3.6 -2.22) (end -2.54 -2.22) (layer F.Fab) (width 0.1))
    (fp_line (start -3.6 -2.86) (end -3.6 -2.22) (layer F.Fab) (width 0.1))
    (fp_line (start -2.54 -2.86) (end -3.6 -2.86) (layer F.Fab) (width 0.1))
    (fp_line (start 2.54 -3.81) (end 2.54 3.81) (layer F.Fab) (width 0.1))
    (fp_line (start -2.54 -2.86) (end -1.59 -3.81) (layer F.Fab) (width 0.1))
    (fp_line (start -2.54 3.81) (end -2.54 -2.86) (layer F.Fab) (width 0.1))
    (fp_line (start -1.59 -3.81) (end 2.54 -3.81) (layer F.Fab) (width 0.1))
    (fp_line (start 2.54 3.81) (end -2.54 3.81) (layer F.Fab) (width 0.1))
    (pad 6 smd rect (at 2.525 2.54 90) (size 3.15 1) (layers F.Cu F.Paste F.Mask)
      (net 2 GND))
